0.0 0.0 0.0		7x6 platforma
4.0 0.0 0.0
8.0 0.0 0.0
12.0 0.0 0.0
16.0 0.0 0.0
20.0 0.0 0.0
24.0 0.0 0.0
0.0 0.0 4.0
4.0 0.0 4.0
8.0 0.0 4.0
12.0 0.0 4.0
16.0 0.0 4.0
20.0 0.0 4.0
24.0 0.0 4.0
0.0 0.0 8.0
4.0 0.0 8.0
8.0 0.0 8.0
12.0 0.0 8.0
16.0 0.0 8.0
20.0 0.0 8.0
24.0 0.0 8.0
0.0 0.0 12.0
4.0 0.0 12.0
8.0 0.0 12.0
12.0 0.0 12.0
16.0 0.0 12.0
20.0 0.0 12.0
24.0 0.0 12.0
0.0 0.0 16.0
4.0 0.0 16.0
8.0 0.0 16.0
12.0 0.0 16.0
16.0 0.0 16.0
20.0 0.0 16.0
24.0 0.0 16.0		 
0.0 0.0 20.0
4.0 0.0 20.0
8.0 0.0 20.0
12.0 0.0 20.0
16.0 0.0 20.0
20.0 0.0 20.0
24.0 0.0 20.0		
12.0 0.0 24.0		most
12.0 0.0 28.0
12.0 0.0 32.0
12.0 0.0 36.0
12.0 0.0 40.0
12.0 0.0 44.0		
0.0 0.0 48.0		ulaz u kucu
4.0 0.0 48.0
8.0 0.0 48.0
12.0 0.0 48.0
16.0 0.0 48.0
20.0 0.0 48.0
24.0 0.0 48.0
0.0 4.0 48.0
4.0 4.0 48.0
8.0 4.0 48.0
16.0 4.0 48.0
20.0 4.0 48.0
24.0 4.0 48.0
0.0 8.0 48.0
4.0 8.0 48.0
8.0 8.0 48.0
16.0 8.0 48.0
20.0 8.0 48.0
24.0 8.0 48.0
0.0 12.0 48.0
4.0 12.0 48.0
8.0 12.0 48.0
12.0 12.0 48.0
16.0 12.0 48.0
20.0 12.0 48.0
24.0 12.0 48.0
0.0 16.0 48.0
4.0 16.0 48.0
8.0 16.0 48.0
12.0 16.0 48.0
16.0 16.0 48.0
20.0 16.0 48.0
24.0 16.0 48.0
0.0 0.0 52.0
4.0 0.0 52.0
8.0 0.0 52.0
12.0 0.0 52.0
16.0 0.0 52.0
20.0 0.0 52.0
24.0 0.0 52.0
0.0 4.0 52.0
24.0 4.0 52.0
0.0 8.0 52.0
24.0 8.0 52.0
0.0 12.0 52.0
24.0 12.0 52.0
0.0 16.0 52.0
4.0 16.0 52.0
8.0 16.0 52.0
12.0 16.0 52.0
16.0 16.0 52.0
20.0 16.0 52.0
24.0 16.0 52.0
0.0 0.0 56.0
4.0 0.0 56.0
8.0 0.0 56.0
12.0 0.0 56.0
16.0 0.0 56.0
20.0 0.0 56.0
24.0 0.0 56.0
0.0 4.0 56.0
24.0 4.0 56.0
0.0 8.0 56.0
24.0 8.0 56.0
0.0 12.0 56.0
24.0 12.0 56.0
0.0 16.0 56.0
4.0 16.0 56.0
8.0 16.0 56.0
12.0 16.0 56.0
16.0 16.0 56.0
20.0 16.0 56.0
24.0 16.0 56.0
0.0 0.0 60.0
4.0 0.0 60.0
8.0 0.0 60.0
12.0 0.0 60.0
16.0 0.0 60.0
20.0 0.0 60.0
24.0 0.0 60.0
0.0 4.0 60.0
24.0 4.0 60.0
0.0 8.0 60.0
24.0 8.0 60.0
0.0 12.0 60.0
24.0 12.0 60.0
0.0 16.0 60.0
4.0 16.0 60.0
8.0 16.0 60.0
12.0 16.0 60.0
16.0 16.0 60.0
20.0 16.0 60.0
24.0 16.0 60.0
0.0 0.0 64.0
4.0 0.0 64.0
8.0 0.0 64.0
12.0 0.0 64.0
16.0 0.0 64.0
20.0 0.0 64.0
24.0 0.0 64.0
0.0 4.0 64.0
24.0 4.0 64.0
0.0 8.0 64.0
24.0 8.0 64.0
0.0 12.0 64.0
24.0 12.0 64.0
0.0 16.0 64.0
4.0 16.0 64.0
8.0 16.0 64.0
12.0 16.0 64.0
16.0 16.0 64.0
20.0 16.0 64.0
24.0 16.0 64.0
0.0 0.0 68.0
4.0 0.0 68.0
8.0 0.0 68.0
12.0 0.0 68.0
16.0 0.0 68.0
20.0 0.0 68.0
24.0 0.0 68.0
0.0 4.0 68.0
24.0 4.0 68.0
0.0 8.0 68.0
24.0 8.0 68.0
0.0 12.0 68.0
24.0 12.0 68.0
0.0 16.0 68.0
4.0 16.0 68.0
8.0 16.0 68.0
12.0 16.0 68.0
16.0 16.0 68.0
20.0 16.0 68.0
24.0 16.0 68.0
0.0 0.0 72.0		izlaz iz kuce
4.0 0.0 72.0
8.0 0.0 72.0
12.0 0.0 72.0
16.0 0.0 72.0
20.0 0.0 72.0
24.0 0.0 72.0
0.0 4.0 72.0
4.0 4.0 72.0
8.0 4.0 72.0
16.0 4.0 72.0
20.0 4.0 72.0
24.0 4.0 72.0
0.0 8.0 72.0
4.0 8.0 72.0
8.0 8.0 72.0
16.0 8.0 72.0
20.0 8.0 72.0
24.0 8.0 72.0
0.0 12.0 72.0
4.0 12.0 72.0
8.0 12.0 72.0
12.0 12.0 72.0
16.0 12.0 72.0
20.0 12.0 72.0
24.0 12.0 72.0
0.0 16.0 72.0
4.0 16.0 72.0
8.0 16.0 72.0
12.0 16.0 72.0
16.0 16.0 72.0
20.0 16.0 72.0
24.0 16.0 72.0
12.0 0.0 76.0
12.0 0.0 80.0
12.0 0.0 84.0
12.0 0.0 88.0
12.0 0.0 92.0
12.0 0.0 96.0
12.0 2.0 60.0 stormtrooper
4.0 0.0 0.0 glock
0.0 0.0 100.0 male kockice
4.0 0.0 100.0
8.0 0.0 100.0
12.0 0.0 100.0
16.0 0.0 100.0
20.0 0.0 100.0
24.0 0.0 100.0
0.0 0.0 104.0
4.0 0.0 104.0
8.0 0.0 104.0
12.0 0.0 104.0
16.0 0.0 104.0
20.0 0.0 104.0
24.0 0.0 104.0
0.0 0.0 108.0
4.0 0.0 108.0
8.0 0.0 108.0
12.0 0.0 108.0
16.0 0.0 108.0
20.0 0.0 108.0
24.0 0.0 108.0
0.0 0.0 112.0
4.0 0.0 112.0
8.0 0.0 112.0
12.0 0.0 112.0
16.0 0.0 112.0
20.0 0.0 112.0
24.0 0.0 112.0 
8.0 4.0 116.0	stepeniste
12.0 4.0 116.0
16.0 4.0 116.0
8.0 8.0 120.0
12.0 8.0 120.0
16.0 8.0 120.0
8.0 12.0 124.0
12.0 12.0 124.0
16.0 12.0 124.0
8.0 16.0 128.0	put
12.0 16.0 128.0
16.0 16.0 128.0
8.0 16.0 132.0
12.0 16.0 132.0
16.0 16.0 132.0
20.0 16.0 132.0
24.0 16.0 132.0
28.0 16.0 132.0
32.0 16.0 132.0
36.0 16.0 132.0
40.0 16.0 132.0
44.0 16.0 132.0
48.0 16.0 132.0
52.0 16.0 132.0
66.0 16.0 132.0
8.0 16.0 136.0
12.0 16.0 136.0
16.0 16.0 136.0
20.0 16.0 136.0
24.0 16.0 136.0
28.0 16.0 136.0
32.0 16.0 136.0
36.0 16.0 136.0
40.0 16.0 136.0
44.0 16.0 136.0
48.0 16.0 136.0
52.0 16.0 136.0	provalija
66.0 16.0 136.0
8.0 16.0 140.0
12.0 16.0 140.0
16.0 16.0 140.0
20.0 16.0 140.0
24.0 16.0 140.0
28.0 16.0 140.0
32.0 16.0 140.0
36.0 16.0 140.0
40.0 16.0 140.0
44.0 16.0 140.0
48.0 16.0 140.0
52.0 16.0 140.0
66.0 16.0 140.0
66.0 16.0 140.0
66.0 16.0 140.0
70.0 16.0 136.0	stepeniste
72.0 16.0 136.0
74.0 16.0 136.0
76.0 16.0 136.0
78.0 16.0 136.0
80.0 16.0 136.0
82.0 18.0 136.0
84.0 22.0 136.0
86.0 26.0 136.0
88.0 30.0 136.0
90.0 34.0 136.0
92.0 40.0 136.0
94.0 48.0 136.0
96.0 50.0 136.0
105.0 50.0 136.0
105.0 50.0 128.0
105.0 50.0 120.0
105.0 50.0 112.0
105.0 50.0 104.0
105.0 50.0 96.0
105.0 50.0 88.0
105.0 50.0 80.0
105.0 50.0 72.0
105.0 50.0 64.0
105.0 50.0 56.0
105.0 50.0 48.0
105.0 50.0 40.0
105.0 50.0 32.0
105.0 50.0 24.0
105.0 50.0 16.0
105.0 50.0 8.0
105.0 50.0 0.0
97.0 50.0 128.0
97.0 50.0 120.0
97.0 50.0 112.0
97.0 50.0 104.0
97.0 50.0 96.0
97.0 50.0 88.0
97.0 50.0 80.0
97.0 50.0 72.0
97.0 50.0 64.0
97.0 50.0 56.0
97.0 50.0 48.0
97.0 50.0 40.0
97.0 50.0 32.0
97.0 50.0 24.0
97.0 50.0 16.0
97.0 50.0 8.0
97.0 50.0 0.0
89.0 50.0 128.0
89.0 50.0 120.0
89.0 50.0 112.0
89.0 50.0 104.0
89.0 50.0 96.0
89.0 50.0 88.0
89.0 50.0 80.0
89.0 50.0 72.0
89.0 50.0 64.0
89.0 50.0 56.0
89.0 50.0 48.0
89.0 50.0 40.0
89.0 50.0 32.0
89.0 50.0 24.0
89.0 50.0 16.0
89.0 50.0 8.0
89.0 50.0 0.0
81.0 42.0 0.0 stepeniste
73.0 34.0 0.0
65.0 26.0 0.0
57.0 18.0 0.0
49.0 10.0 0.0
41.0 2.0 0.0
83.0 50.0 64.0 most ka kuci
79.0 50.0 64.0
75.0 50.0 64.0
71.0 50.0 64.0
67.0 50.0 64.0
63.0 50.0 64.0
59.0 50.0 64.0
55.0 50.0 64.0
51.0 50.0 64.0
47.0 50.0 64.0
43.0 50.0 64.0
83.0 50.0 56.0 most ka kuci
79.0 50.0 56.0
75.0 50.0 56.0
71.0 50.0 56.0
67.0 50.0 56.0
63.0 50.0 56.0
59.0 50.0 56.0
55.0 50.0 56.0
51.0 50.0 56.0
47.0 50.0 56.0
43.0 50.0 56.0
39.0 54.0 56.0
35.0 58.0 56.0
31.0 62.0 56.0
27.0 66.0 56.0
43.0 50.0 60.0
39.0 54.0 60.0
35.0 58.0 60.0
31.0 62.0 60.0
27.0 66.0 60.0
43.0 50.0 64.0
39.0 54.0 64.0
35.0 58.0 64.0
31.0 62.0 64.0
27.0 66.0 64.0
23.0 66.0 56.0
19.0 66.0 56.0
15.0 66.0 56.0
23.0 66.0 60.0
15.0 66.0 60.0
23.0 66.0 64.0
19.0 66.0 64.0
15.0 66.0 64.0
86.0 57.0 112.0 deadly blokovi
86.0 57.0 104.0
86.0 57.0 96.0
86.0 57.0 88.0
86.0 57.0 80.0
86.0 57.0 72.0